(91)-8867890934
(91)-8837253577
(91)-8819334782
(91)-8824980725
(91)-8883368613
(91)-8861749231
(91)-8871975269
(91)-8850239502
(91)-8860146129
(91)-8897973013
(91)-8894192469
(91)-8885641573
(91)-8888318497
(91)-8892262631
(91)-8834266430
(91)-8868057851
(91)-8826069754
(91)-8879880982
(91)-8897244928
(91)-8862009489
(91)-8830579928
(91)-8833206556
(91)-8823075049
(91)-8836159721
(91)-8875758339
(91)-8882904844
(91)-8811762528
(91)-8821388118
(91)-8822425075
(91)-8828775795
(91)-8866605662
(91)-8824749343
(91)-8883282947
(91)-8813619175
(91)-8856101620
(91)-8869296735
(91)-8825762234
(91)-8886517325
(91)-8869205652
(91)-8815361315
(91)-8889932359
(91)-8846557587
(91)-8867302583
(91)-8846195922
(91)-8861883421
(91)-8842285004
(91)-8845335763
(91)-8864214724
(91)-8818533823
(91)-8839790785
(91)-8829496616
(91)-8823533953
(91)-8863204615
(91)-8895781982
(91)-8811341560
(91)-8828819065
(91)-8827997838
(91)-8854304045
(91)-8862780960
(91)-8862645095
(91)-8880092533
(91)-8851466304
(91)-8896835888
(91)-8880134176
(91)-8856885431
(91)-8876724920
(91)-8858721698
(91)-8824101494
(91)-8867743713
(91)-8829564131
(91)-8896928727
(91)-8849860007
(91)-8857832098
(91)-8892851218
(91)-8878239445
(91)-8872984914
(91)-8847499271
(91)-8835040650
(91)-8881740640
(91)-8814840355
(91)-8870455282
(91)-8886088479
(91)-8854802684
(91)-8868495145
(91)-8846682650
(91)-8876682324
(91)-8877617215
(91)-8830233160
(91)-8843612677
(91)-8846935109
(91)-8856218302
(91)-8871296567
(91)-8856996209
(91)-8895407403
(91)-8883608054
(91)-8851107545
(91)-8844470866
(91)-8880617558
(91)-8892836621
(91)-8846957494
(91)-8840216021
(91)-8899686987
(91)-8850158000
(91)-8847863864
(91)-8846339791
(91)-8897141533
(91)-8879775411
(91)-8841481177
(91)-8833492250
(91)-8855944015
(91)-8859947127
(91)-8897373519
(91)-8880081535
(91)-8813028640
(91)-8835085295
(91)-8843183965
(91)-8816885012
(91)-8852846213
(91)-8823057122
(91)-8842119604
(91)-8812351563
(91)-8855624568
(91)-8849828619
(91)-8882596068
(91)-8869141267
(91)-8846891243
(91)-8848307279
(91)-8856984305
(91)-8836767492
(91)-8882457342
(91)-8821822557
(91)-8880009706
(91)-8830427910
(91)-8843942709
(91)-8880860371
(91)-8837498759
(91)-8896029795
(91)-8874806710
(91)-8872533963
(91)-8847332939
(91)-8889321207
(91)-8813046338
(91)-8820041018
(91)-8823300854
(91)-8854659913
(91)-8894245830
(91)-8885786029
(91)-8828245443
(91)-8823846796
(91)-8881877447
(91)-8892067239
(91)-8861819220
(91)-8861759224
(91)-8886090744
(91)-8881946373
(91)-8831302918
(91)-8829131144
(91)-8889865904
(91)-8827829267
(91)-8880459265
(91)-8875783765
(91)-8895738274
(91)-8827495786
(91)-8820640930
(91)-8847560605
(91)-8866713369
(91)-8899013592
(91)-8881243824
(91)-8874987489
(91)-8849290504
(91)-8867529914
(91)-8831360529
(91)-8894879034
(91)-8850764475
(91)-8876403813
(91)-8828556141
(91)-8886552871
(91)-8813323098
(91)-8851744220
(91)-8821208291
(91)-8854959348
(91)-8894794868
(91)-8836627567
(91)-8894745454
(91)-8868032577
(91)-8832551042
(91)-8868318844
(91)-8893583996
(91)-8878362520
(91)-8872683801
(91)-8851166387
(91)-8842989201
(91)-8857448882
(91)-8814699729
(91)-8840445610
(91)-8838919527
(91)-8882943276
(91)-8889779398
(91)-8835117152
(91)-8868390218
(91)-8875978808
(91)-8833294308
(91)-8887084811
(91)-8871349106
(91)-8815218512
(91)-8890160649
(91)-8883204456
(91)-8837294726
(91)-8812650617
(91)-8820851829
(91)-8814340890
(91)-8813401161
(91)-8859822393
(91)-8872581949
(91)-8862914174
(91)-8848907486
(91)-8875031821
(91)-8822129512
(91)-8896448546
(91)-8879627884
(91)-8856530781
(91)-8885063964
(91)-8896921013
(91)-8894498800
(91)-8871651694
(91)-8843429967
(91)-8833413330
(91)-8875511361
(91)-8827339172
(91)-8884691823
(91)-8827458354
(91)-8817862227
(91)-8835228961
(91)-8840530919
(91)-8816275596
(91)-8828774736
(91)-8815784245
(91)-8838458815
(91)-8854049844
(91)-8817633285
(91)-8837176726
(91)-8833255867
(91)-8834684401
(91)-8824297066
(91)-8831313478
(91)-8812046498
(91)-8817692997
(91)-8882408342
(91)-8824539633
(91)-8815068126
(91)-8838281390
(91)-8864620243
(91)-8860645898
(91)-8892198538
(91)-8899571861
(91)-8873743381
(91)-8870687262
(91)-8841003838
(91)-8847058933
(91)-8869090933
(91)-8889385330
(91)-8861699543
(91)-8847576140
(91)-8834694338
(91)-8828440393
(91)-8864804794
(91)-8889857941
(91)-8877663219
(91)-8839090702
(91)-8873483131
(91)-8821912458
(91)-8867453300
(91)-8824253554
(91)-8822406899
(91)-8856858744
(91)-8874961304
(91)-8852141346
(91)-8891089076
(91)-8891112203
(91)-8822766557
(91)-8877896803
(91)-8834614065
(91)-8871891987
(91)-8897055192
(91)-8822275996
(91)-8834133396
(91)-8843325005
(91)-8890547562
(91)-8821514507
(91)-8846820208
(91)-8835543252
(91)-8873045196
(91)-8868223730
(91)-8855803180
(91)-8825629722
(91)-8885857908
(91)-8834281808
(91)-8898920379
(91)-8841778364
(91)-8895339177
(91)-8827697520
(91)-8821738371
(91)-8815326447
(91)-8893127747
(91)-8849199149
(91)-8856616563
(91)-8840172071
(91)-8856924657
(91)-8888523107
(91)-8834869242
(91)-8830377827
(91)-8850228344
(91)-8848568421
(91)-8896675100
(91)-8898746069
(91)-8832980109
(91)-8868672777
(91)-8863109238
(91)-8849806696
(91)-8819441433
(91)-8828476822
(91)-8819321549
(91)-8858280725
(91)-8878590919
(91)-8853966666
(91)-8878276743
(91)-8854281435
(91)-8826225783
(91)-8819088064
(91)-8870495342
(91)-8817013003
(91)-8842006356
(91)-8823927625
(91)-8870062917
(91)-8823081086
(91)-8869298443
(91)-8813467123
(91)-8816929207
(91)-8879683465
(91)-8857860727
(91)-8875947306
(91)-8874557690
(91)-8812438186
(91)-8897943077
(91)-8828737446
(91)-8813284232
(91)-8860066033
(91)-8830205247
(91)-8853880473
(91)-8892291127
(91)-8816678332
(91)-8821777015
(91)-8858675645
(91)-8848642706
(91)-8870396971
(91)-8824111785
(91)-8821348790
(91)-8863189169
(91)-8880979453
(91)-8866058206
(91)-8868939045
(91)-8821838286
(91)-8874397416
(91)-8897016805
(91)-8823393056
(91)-8898238044
(91)-8822867119
(91)-8862095778
(91)-8867216329
(91)-8856221454
(91)-8895923333
(91)-8872570853
(91)-8840014096
(91)-8891454862
(91)-8856165390
(91)-8830931864
(91)-8826241679
(91)-8878879673
(91)-8861754393
(91)-8813710543
(91)-8868580696
(91)-8817100221
(91)-8827860937
(91)-8854045190
(91)-8853723582
(91)-8828144975
(91)-8871527606
(91)-8830549901
(91)-8828915735
(91)-8875646118
(91)-8853064211
(91)-8817182866
(91)-8892174196
(91)-8891010413
(91)-8845636297
(91)-8867340348
(91)-8820442675
(91)-8844003146
(91)-8889750603
(91)-8852681050
(91)-8812671652
(91)-8843081735
(91)-8861155948
(91)-8840224386
(91)-8824437001
(91)-8875607522
(91)-8845232354
(91)-8863520668
(91)-8864498367
(91)-8828966842
(91)-8861654865
(91)-8820880746
(91)-8822801975
(91)-8846776889
(91)-8825346884
(91)-8820052075
(91)-8857713128
(91)-8815037576
(91)-8858210481
(91)-8824955858
(91)-8832139475
(91)-8843513776
(91)-8881172580
(91)-8819479629
(91)-8818253521
(91)-8894491923
(91)-8874125714
(91)-8851550440
(91)-8858701518
(91)-8830462387
(91)-8854806250
(91)-8829323340
(91)-8871645120
(91)-8843573014
(91)-8877191350
(91)-8833338940
(91)-8853076707
(91)-8829140048
(91)-8855235145
(91)-8870444516
(91)-8872150146
(91)-8860236629
(91)-8829214772
(91)-8865583727
(91)-8888022656
(91)-8850672931
(91)-8858214731
(91)-8834600688
(91)-8873114831
(91)-8840153810
(91)-8868082489
(91)-8880144453
(91)-8885063492
(91)-8894461170
(91)-8865232948
(91)-8848346139
(91)-8851289194
(91)-8844532181
(91)-8898284451
(91)-8823470980
(91)-8888620247
(91)-8849368253
(91)-8856700013
(91)-8880506179
(91)-8825034325
(91)-8819130289
(91)-8883359489
(91)-8879629211
(91)-8843377016
(91)-8853260335
(91)-8853618870
(91)-8880218103
(91)-8811229230
(91)-8850165464
(91)-8823917968
(91)-8843634203
(91)-8860772938
(91)-8850549646
(91)-8860935062
(91)-8823763784
(91)-8817199834
(91)-8811994395
(91)-8890178839
(91)-8831276109
(91)-8813487604
(91)-8863444820
(91)-8863396055
(91)-8832047791
(91)-8866546464
(91)-8890538637
(91)-8854231330
(91)-8820790420
(91)-8857583245
(91)-8890297922
(91)-8883709844
(91)-8894753218
(91)-8887724040
(91)-8872385587
(91)-8879273606
(91)-8843043422
