918867890934
918837253577
918819334782
918824980725
918883368613
918861749231
918871975269
918850239502
918860146129
918897973013
918894192469
918885641573
918888318497
918892262631
918834266430
918868057851
918826069754
918879880982
918897244928
918862009489
918830579928
918833206556
918823075049
918836159721
918875758339
918882904844
918811762528
918821388118
918822425075
918828775795
918866605662
918824749343
918883282947
918813619175
918856101620
918869296735
918825762234
918886517325
918869205652
918815361315
918889932359
918846557587
918867302583
918846195922
918861883421
918842285004
918845335763
918864214724
918818533823
918839790785
918829496616
918823533953
918863204615
918895781982
918811341560
918828819065
918827997838
918854304045
918862780960
918862645095
918880092533
918851466304
918896835888
918880134176
918856885431
918876724920
918858721698
918824101494
918867743713
918829564131
918896928727
918849860007
918857832098
918892851218
918878239445
918872984914
918847499271
918835040650
918881740640
918814840355
918870455282
918886088479
918854802684
918868495145
918846682650
918876682324
918877617215
918830233160
918843612677
918846935109
918856218302
918871296567
918856996209
918895407403
918883608054
918851107545
918844470866
918880617558
918892836621
918846957494
918840216021
918899686987
918850158000
918847863864
918846339791
918897141533
918879775411
918841481177
918833492250
918855944015
918859947127
918897373519
918880081535
918813028640
918835085295
918843183965
918816885012
918852846213
918823057122
918842119604
918812351563
918855624568
918849828619
918882596068
918869141267
918846891243
918848307279
918856984305
918836767492
918882457342
918821822557
918880009706
918830427910
918843942709
918880860371
918837498759
918896029795
918874806710
918872533963
918847332939
918889321207
918813046338
918820041018
918823300854
918854659913
918894245830
918885786029
918828245443
918823846796
918881877447
918892067239
918861819220
918861759224
918886090744
918881946373
918831302918
918829131144
918889865904
918827829267
918880459265
918875783765
918895738274
918827495786
918820640930
918847560605
918866713369
918899013592
918881243824
918874987489
918849290504
918867529914
918831360529
918894879034
918850764475
918876403813
918828556141
918886552871
918813323098
918851744220
918821208291
918854959348
918894794868
918836627567
918894745454
918868032577
918832551042
918868318844
918893583996
918878362520
918872683801
918851166387
918842989201
918857448882
918814699729
918840445610
918838919527
918882943276
918889779398
918835117152
918868390218
918875978808
918833294308
918887084811
918871349106
918815218512
918890160649
918883204456
918837294726
918812650617
918820851829
918814340890
918813401161
918859822393
918872581949
918862914174
918848907486
918875031821
918822129512
918896448546
918879627884
918856530781
918885063964
918896921013
918894498800
918871651694
918843429967
918833413330
918875511361
918827339172
918884691823
918827458354
918817862227
918835228961
918840530919
918816275596
918828774736
918815784245
918838458815
918854049844
918817633285
918837176726
918833255867
918834684401
918824297066
918831313478
918812046498
918817692997
918882408342
918824539633
918815068126
918838281390
918864620243
918860645898
918892198538
918899571861
918873743381
918870687262
918841003838
918847058933
918869090933
918889385330
918861699543
918847576140
918834694338
918828440393
918864804794
918889857941
918877663219
918839090702
918873483131
918821912458
918867453300
918824253554
918822406899
918856858744
918874961304
918852141346
918891089076
918891112203
918822766557
918877896803
918834614065
918871891987
918897055192
918822275996
918834133396
918843325005
918890547562
918821514507
918846820208
918835543252
918873045196
918868223730
918855803180
918825629722
918885857908
918834281808
918898920379
918841778364
918895339177
918827697520
918821738371
918815326447
918893127747
918849199149
918856616563
918840172071
918856924657
918888523107
918834869242
918830377827
918850228344
918848568421
918896675100
918898746069
918832980109
918868672777
918863109238
918849806696
918819441433
918828476822
918819321549
918858280725
918878590919
918853966666
918878276743
918854281435
918826225783
918819088064
918870495342
918817013003
918842006356
918823927625
918870062917
918823081086
918869298443
918813467123
918816929207
918879683465
918857860727
918875947306
918874557690
918812438186
918897943077
918828737446
918813284232
918860066033
918830205247
918853880473
918892291127
918816678332
918821777015
918858675645
918848642706
918870396971
918824111785
918821348790
918863189169
918880979453
918866058206
918868939045
918821838286
918874397416
918897016805
918823393056
918898238044
918822867119
918862095778
918867216329
918856221454
918895923333
918872570853
918840014096
918891454862
918856165390
918830931864
918826241679
918878879673
918861754393
918813710543
918868580696
918817100221
918827860937
918854045190
918853723582
918828144975
918871527606
918830549901
918828915735
918875646118
918853064211
918817182866
918892174196
918891010413
918845636297
918867340348
918820442675
918844003146
918889750603
918852681050
918812671652
918843081735
918861155948
918840224386
918824437001
918875607522
918845232354
918863520668
918864498367
918828966842
918861654865
918820880746
918822801975
918846776889
918825346884
918820052075
918857713128
918815037576
918858210481
918824955858
918832139475
918843513776
918881172580
918819479629
918818253521
918894491923
918874125714
918851550440
918858701518
918830462387
918854806250
918829323340
918871645120
918843573014
918877191350
918833338940
918853076707
918829140048
918855235145
918870444516
918872150146
918860236629
918829214772
918865583727
918888022656
918850672931
918858214731
918834600688
918873114831
918840153810
918868082489
918880144453
918885063492
918894461170
918865232948
918848346139
918851289194
918844532181
918898284451
918823470980
918888620247
918849368253
918856700013
918880506179
918825034325
918819130289
918883359489
918879629211
918843377016
918853260335
918853618870
918880218103
918811229230
918850165464
918823917968
918843634203
918860772938
918850549646
918860935062
918823763784
918817199834
918811994395
918890178839
918831276109
918813487604
918863444820
918863396055
918832047791
918866546464
918890538637
918854231330
918820790420
918857583245
918890297922
918883709844
918894753218
918887724040
918872385587
918879273606
918843043422
